           CPU0       CPU1       CPU2       CPU3       CPU4       CPU5       CPU6       CPU7       CPU8       CPU9       CPU10      CPU11      CPU12      CPU13      CPU14      CPU15      CPU16      CPU17      CPU18      CPU19      CPU20      CPU21      CPU22      CPU23      CPU24      CPU25      CPU26      CPU27      CPU28      CPU29      CPU30      CPU31      
  4:          0          0       1017          0          0          0          0          0          0          0          0          0          0          0          0          0         11          0          0          0          0          0          0          0          0          0          0          0          0          0          0          0   IO-APIC   4-edge      ttyS0
  8:          0          0          0          0          0          0          0          0          0          0          0          0          0          0          0          0          0          0          0          0          0          0          0          0          0          0          0          0          0          0          0          0   IO-APIC   8-edge      rtc0
  9:          0          0          0          0          0          0          0          0          0          0          0          0          0          0          0          0          0          0          0          0          0          0          0          0          0          0          0          0          0          0          0          0   IO-APIC   9-fasteoi   acpi
 24:          0          0          0       1513          0          0          0          0          0          0          0          0          0          0          0          0          0          0          0          0          0          0          0          0          0          0    1003937          0          0          0          0          0  Hyper-V PCIe MSI 5389244465152-edge      mlx4-async@pci:9cd9:00:02.0
 25:          4          0          0          0          1          0          0          0          0          0          0          0          0          0          0          0          0          0          0          0          0          0          0          0          0          0          0          0          0          0    7654094          0  Hyper-V PCIe MSI 5389244465153-edge      mlx4-1@9cd9:00:02.0
 26:          0         20          0    7915155          0          1          0          0          0          0          0          0          0          0          0          0          0          0          0          0          0          0          0          0          0          0          0          0          0          0          0          0  Hyper-V PCIe MSI 5389244465154-edge      mlx4-2@9cd9:00:02.0
 27:          0          0        487          0          0          0          1          0          0          0          0          0          0          0          0          0          0          0          0          0          0    6593510          0          0          0          0          0          0          0          0          0          0  Hyper-V PCIe MSI 5389244465155-edge      mlx4-3@9cd9:00:02.0
 28:          0          0          0         32          0          0          0          1          0          0          0          0          0          0    7267603          0          0          0          0          0          0          0          0          0          0          0          0          0          0          0          0          0  Hyper-V PCIe MSI 5389244465156-edge      mlx4-4@9cd9:00:02.0
 29:          0          0          0          0         21          0          0          0          1    7556152          0          0          0          0          0          0          0          0          0          0          0          0          0          0          0          0          0          0          0          0          0          0  Hyper-V PCIe MSI 5389244465157-edge      mlx4-5@9cd9:00:02.0
 30:          0          0          0          0          0         14          0          0          0          1          0          0          0          0          0          0          0          0          0          0          0          0          0          0          0          0          0          0    8813749          0          0          0  Hyper-V PCIe MSI 5389244465158-edge      mlx4-6@9cd9:00:02.0
 31:          0          0          0          0          0          0          9          0          0          0          1          0          0          0          0          0          0          0          0          0          0          0    7673579          0          0          0          0          0          0          0          0          0  Hyper-V PCIe MSI 5389244465159-edge      mlx4-7@9cd9:00:02.0
 32:          0          0          0          0          0    8049127          0          3          0          0          0          1          0          0          0          0          0          0          0          0          0          0          0          0          0          0          0          0          0          0          0          0  Hyper-V PCIe MSI 5389244465160-edge      mlx4-8@9cd9:00:02.0
 33:          0          0          0          0          0          0          0          0         63          0          0          0    7265338          0          0          0          0          0          0          0          0          0          0          0          0          0          0          0          0          0          0          0  Hyper-V PCIe MSI 5389244465161-edge      mlx4-9@9cd9:00:02.0
 34:          0          0          0          0          0          0          0          0          0          7          0          0          0          1          0          0    7709766          0          0          0          0          0          0          0          0          0          0          0          0          0          0          0  Hyper-V PCIe MSI 5389244465162-edge      mlx4-10@9cd9:00:02.0
 35:          0          0          0          0          0          0          0          0          0          0        338          0          0          0          1          0          0          0          0          0    5925968          0          0          0          0          0          0          0          0          0          0          0  Hyper-V PCIe MSI 5389244465163-edge      mlx4-11@9cd9:00:02.0
 36:          0          0          0          0          0          0          0          0          0          0          0          5          0          0          0          1          0          0          0          0          0          0          0          0    8167622          0          0          0          0          0          0          0  Hyper-V PCIe MSI 5389244465164-edge      mlx4-12@9cd9:00:02.0
 37:          0          0          0          0          0          0          0          0          0          0          0    9311184         27          0          0          0          1          0          0          0          0          0          0          0          0          0          0          0          0          0          0          0  Hyper-V PCIe MSI 5389244465165-edge      mlx4-13@9cd9:00:02.0
 38:          0    5126910          0          0          0          0          0          0          0          0          0          0          0         12          0          0          0          1          0          0          0          0          0          0          0          0          0          0          0          0          0          0  Hyper-V PCIe MSI 5389244465166-edge      mlx4-14@9cd9:00:02.0
 39:          0          0          0          0          0          0          0    9256480          0          0          0          0          0          0         56          0          0          0          1          0          0          0          0          0          0          0          0          0          0          0          0          0  Hyper-V PCIe MSI 5389244465167-edge      mlx4-15@9cd9:00:02.0
 40:          0          0          0          0          0          0          0          0          0          0          0          0          0          0          0        804          0          0    6045817          1          0          0          0          0          0          0          0          0          0          0          0          0  Hyper-V PCIe MSI 5389244465168-edge      mlx4-16@9cd9:00:02.0
NMI:          0          0          0          0          0          0          0          0          0          0          0          0          0          0          0          0          0          0          0          0          0          0          0          0          0          0          0          0          0          0          0          0   Non-maskable interrupts
LOC:          0          0          0          0          0          0          0          0          0          0          0          0          0          0          0          0          0          0          0          0          0          0          0          0          0          0          0          0          0          0          0          0   Local timer interrupts
SPU:          0          0          0          0          0          0          0          0          0          0          0          0          0          0          0          0          0          0          0          0          0          0          0          0          0          0          0          0          0          0          0          0   Spurious interrupts
PMI:          0          0          0          0          0          0          0          0          0          0          0          0          0          0          0          0          0          0          0          0          0          0          0          0          0          0          0          0          0          0          0          0   Performance monitoring interrupts
IWI:      48601      29167      55647      21190      53131      20516      54519      21877      57517      20272      59341      20099      59878      17965      61071      18837      54436      34213      67280      30495      66967      32162      69501      29555      68313      32371      68802      28836      67396      27754      69327      29876   IRQ work interrupts
RTR:          0          0          0          0          0          0          0          0          0          0          0          0          0          0          0          0          0          0          0          0          0          0          0          0          0          0          0          0          0          0          0          0   APIC ICR read retries
RES:     207269     133871     243469     120324     240934     120692     242090     118115     245431     113958     248875     113754     241711     115349     243087     112737     231377     123246     241255     111501     241797     115873     239360     114754     238282     110085     243184     106365     242116     108344     239618     112090   Rescheduling interrupts
CAL:    6307778    3628700    5201544    2730994    5168858    2636424    5145762    2515515    5167871    2568189    5076940    2462833    4640886    2962916    4604370    2852978    4487654    3049379    4581122    2996900    4552697    2533907    4623392    2907133    4655707    2959066    5205992    3027963    4628457    2726944    4498501    2989585   Function call interrupts
TLB:          0          0          0          0          0          0          0          0          0          0          0          0          0          0          0          0          0          0          0          0          0          0          0          0          0          0          0          0          0          0          0          0   TLB shootdowns
TRM:          0          0          0          0          0          0          0          0          0          0          0          0          0          0          0          0          0          0          0          0          0          0          0          0          0          0          0          0          0          0          0          0   Thermal event interrupts
THR:          0          0          0          0          0          0          0          0          0          0          0          0          0          0          0          0          0          0          0          0          0          0          0          0          0          0          0          0          0          0          0          0   Threshold APIC interrupts
DFR:          0          0          0          0          0          0          0          0          0          0          0          0          0          0          0          0          0          0          0          0          0          0          0          0          0          0          0          0          0          0          0          0   Deferred Error APIC interrupts
MCE:          0          0          0          0          0          0          0          0          0          0          0          0          0          0          0          0          0          0          0          0          0          0          0          0          0          0          0          0          0          0          0          0   Machine check exceptions
MCP:        266        266        266        266        266        266        266        266        266        266        266        266        266        266        266        266        266        266        266        266        266        266        266        266        266        266        266        266        266        266        266        266   Machine check polls
HYP:     443242     257949         37     448877     675223     303298     354191     259694     306721     227813          0          0          0          0          0          0          0      42614      41664      41534      42444      42840      42129      41946      42236      42877      42985      42755      41974      43185      43313      41341   Hypervisor callback interrupts
HRE:          0          0          0          0          0          0          0          0          0          0          0          0          0          0          0          0          0          0          0          0          0          0          0          0          0          0          0          0          0          0          0          0   Hyper-V reenlightenment interrupts
HVS:    5046629    3872587    5572975    2678400    5620965    2577844    5563707    2594485    5525761    2413742    5448472    2396018    5545032    2471915    5524456    2262743    5353879    2561502    5498150    2386197    5544518    2315826    5519277    2356049    5530434    2402829    5694637    2202000    5518410    2274667    5495593    2222018   Hyper-V stimer0 interrupts
ERR:          0
MIS:          0
PIN:          0          0          0          0          0          0          0          0          0          0          0          0          0          0          0          0          0          0          0          0          0          0          0          0          0          0          0          0          0          0          0          0   Posted-interrupt notification event
NPI:          0          0          0          0          0          0          0          0          0          0          0          0          0          0          0          0          0          0          0          0          0          0          0          0          0          0          0          0          0          0          0          0   Nested posted-interrupt event
PIW:          0          0          0          0          0          0          0          0          0          0          0          0          0          0          0          0          0          0          0          0          0          0          0          0          0          0          0          0          0          0          0          0   Posted-interrupt wakeup event
