           CPU0       CPU1       CPU2       CPU3       CPU4       CPU5       CPU6       CPU7       CPU8       CPU9       CPU10      CPU11      CPU12      CPU13      CPU14      CPU15      CPU16      CPU17      CPU18      CPU19      CPU20      CPU21      CPU22      CPU23      CPU24      CPU25      CPU26      CPU27      CPU28      CPU29      CPU30      CPU31      
  4:          0          0       1017          0          0          0          0          0          0          0          0          0          0          0          0          0         11          0          0          0          0          0          0          0          0          0          0          0          0          0          0          0   IO-APIC   4-edge      ttyS0
  8:          0          0          0          0          0          0          0          0          0          0          0          0          0          0          0          0          0          0          0          0          0          0          0          0          0          0          0          0          0          0          0          0   IO-APIC   8-edge      rtc0
  9:          0          0          0          0          0          0          0          0          0          0          0          0          0          0          0          0          0          0          0          0          0          0          0          0          0          0          0          0          0          0          0          0   IO-APIC   9-fasteoi   acpi
 24:          0          0          0       1513          0          0          0          0          0          0          0          0          0          0          0          0          0          0          0          0          0          0          0          0          0          0    1004401          0          0          0          0          0  Hyper-V PCIe MSI 5389244465152-edge      mlx4-async@pci:9cd9:00:02.0
 25:          4          0          0          0          1          0          0          0          0          0          0          0          0          0          0          0          0          0          0          0          0          0          0          0          0          0          0          0          0          0    7654140          0  Hyper-V PCIe MSI 5389244465153-edge      mlx4-1@9cd9:00:02.0
 26:          0         20          0    7915213          0          1          0          0          0          0          0          0          0          0          0          0          0          0          0          0          0          0          0          0          0          0          0          0          0          0          0          0  Hyper-V PCIe MSI 5389244465154-edge      mlx4-2@9cd9:00:02.0
 27:          0          0        487          0          0          0          1          0          0          0          0          0          0          0          0          0          0          0          0          0          0    6593570          0          0          0          0          0          0          0          0          0          0  Hyper-V PCIe MSI 5389244465155-edge      mlx4-3@9cd9:00:02.0
 28:          0          0          0         32          0          0          0          1          0          0          0          0          0          0    7267625          0          0          0          0          0          0          0          0          0          0          0          0          0          0          0          0          0  Hyper-V PCIe MSI 5389244465156-edge      mlx4-4@9cd9:00:02.0
 29:          0          0          0          0         21          0          0          0          1    7556172          0          0          0          0          0          0          0          0          0          0          0          0          0          0          0          0          0          0          0          0          0          0  Hyper-V PCIe MSI 5389244465157-edge      mlx4-5@9cd9:00:02.0
 30:          0          0          0          0          0         14          0          0          0          1          0          0          0          0          0          0          0          0          0          0          0          0          0          0          0          0          0          0    8813791          0          0          0  Hyper-V PCIe MSI 5389244465158-edge      mlx4-6@9cd9:00:02.0
 31:          0          0          0          0          0          0          9          0          0          0          1          0          0          0          0          0          0          0          0          0          0          0    7673648          0          0          0          0          0          0          0          0          0  Hyper-V PCIe MSI 5389244465159-edge      mlx4-7@9cd9:00:02.0
 32:          0          0          0          0          0    8049168          0          3          0          0          0          1          0          0          0          0          0          0          0          0          0          0          0          0          0          0          0          0          0          0          0          0  Hyper-V PCIe MSI 5389244465160-edge      mlx4-8@9cd9:00:02.0
 33:          0          0          0          0          0          0          0          0         63          0          0          0    7265386          0          0          0          0          0          0          0          0          0          0          0          0          0          0          0          0          0          0          0  Hyper-V PCIe MSI 5389244465161-edge      mlx4-9@9cd9:00:02.0
 34:          0          0          0          0          0          0          0          0          0          7          0          0          0          1          0          0    7709825          0          0          0          0          0          0          0          0          0          0          0          0          0          0          0  Hyper-V PCIe MSI 5389244465162-edge      mlx4-10@9cd9:00:02.0
 35:          0          0          0          0          0          0          0          0          0          0        338          0          0          0          1          0          0          0          0          0    5926011          0          0          0          0          0          0          0          0          0          0          0  Hyper-V PCIe MSI 5389244465163-edge      mlx4-11@9cd9:00:02.0
 36:          0          0          0          0          0          0          0          0          0          0          0          5          0          0          0          1          0          0          0          0          0          0          0          0    8167679          0          0          0          0          0          0          0  Hyper-V PCIe MSI 5389244465164-edge      mlx4-12@9cd9:00:02.0
 37:          0          0          0          0          0          0          0          0          0          0          0    9311331         27          0          0          0          1          0          0          0          0          0          0          0          0          0          0          0          0          0          0          0  Hyper-V PCIe MSI 5389244465165-edge      mlx4-13@9cd9:00:02.0
 38:          0    5126978          0          0          0          0          0          0          0          0          0          0          0         12          0          0          0          1          0          0          0          0          0          0          0          0          0          0          0          0          0          0  Hyper-V PCIe MSI 5389244465166-edge      mlx4-14@9cd9:00:02.0
 39:          0          0          0          0          0          0          0    9256517          0          0          0          0          0          0         56          0          0          0          1          0          0          0          0          0          0          0          0          0          0          0          0          0  Hyper-V PCIe MSI 5389244465167-edge      mlx4-15@9cd9:00:02.0
 40:          0          0          0          0          0          0          0          0          0          0          0          0          0          0          0        804          0          0    6045832          1          0          0          0          0          0          0          0          0          0          0          0          0  Hyper-V PCIe MSI 5389244465168-edge      mlx4-16@9cd9:00:02.0
NMI:          0          0          0          0          0          0          0          0          0          0          0          0          0          0          0          0          0          0          0          0          0          0          0          0          0          0          0          0          0          0          0          0   Non-maskable interrupts
LOC:          0          0          0          0          0          0          0          0          0          0          0          0          0          0          0          0          0          0          0          0          0          0          0          0          0          0          0          0          0          0          0          0   Local timer interrupts
SPU:          0          0          0          0          0          0          0          0          0          0          0          0          0          0          0          0          0          0          0          0          0          0          0          0          0          0          0          0          0          0          0          0   Spurious interrupts
PMI:          0          0          0          0          0          0          0          0          0          0          0          0          0          0          0          0          0          0          0          0          0          0          0          0          0          0          0          0          0          0          0          0   Performance monitoring interrupts
IWI:      48624      29184      55675      21224      53140      20524      54549      21887      57547      20281      59359      20128      59905      17971      61113      18842      54458      34227      67321      30506      66991      32181      69527      29562      68339      32386      68824      28874      67454      27769      69339      29888   IRQ work interrupts
RTR:          0          0          0          0          0          0          0          0          0          0          0          0          0          0          0          0          0          0          0          0          0          0          0          0          0          0          0          0          0          0          0          0   APIC ICR read retries
RES:     207348     133931     243555     120375     241002     120738     242181     118167     245530     114011     248952     113827     241814     115422     243235     112785     231451     123287     241360     111527     241918     115915     239466     114799     238370     110132     243264     106463     242224     108399     239691     112122   Rescheduling interrupts
CAL:    6310849    3630048    5205047    2732134    5171354    2637589    5148961    2517061    5169732    2569355    5079517    2463394    4642792    2963951    4605912    2853672    4489457    3049746    4583015    2997074    4555678    2534168    4627331    2907702    4656424    2959566    5207028    3029475    4629953    2728074    4502967    2990578   Function call interrupts
TLB:          0          0          0          0          0          0          0          0          0          0          0          0          0          0          0          0          0          0          0          0          0          0          0          0          0          0          0          0          0          0          0          0   TLB shootdowns
TRM:          0          0          0          0          0          0          0          0          0          0          0          0          0          0          0          0          0          0          0          0          0          0          0          0          0          0          0          0          0          0          0          0   Thermal event interrupts
THR:          0          0          0          0          0          0          0          0          0          0          0          0          0          0          0          0          0          0          0          0          0          0          0          0          0          0          0          0          0          0          0          0   Threshold APIC interrupts
DFR:          0          0          0          0          0          0          0          0          0          0          0          0          0          0          0          0          0          0          0          0          0          0          0          0          0          0          0          0          0          0          0          0   Deferred Error APIC interrupts
MCE:          0          0          0          0          0          0          0          0          0          0          0          0          0          0          0          0          0          0          0          0          0          0          0          0          0          0          0          0          0          0          0          0   Machine check exceptions
MCP:        266        266        266        266        266        266        266        266        266        266        266        266        266        266        266        266        266        266        266        266        266        266        266        266        266        266        266        266        266        266        266        266   Machine check polls
HYP:     443541     258025         37     449105     675715     303305     354202     259696     306920     228167          0          0          0          0          0          0          0      42628      41685      41555      42449      42853      42161      41949      42250      42902      43006      42781      41999      43204      43325      41364   Hypervisor callback interrupts
HRE:          0          0          0          0          0          0          0          0          0          0          0          0          0          0          0          0          0          0          0          0          0          0          0          0          0          0          0          0          0          0          0          0   Hyper-V reenlightenment interrupts
HVS:    5052282    3877527    5577962    2684557    5626529    2582925    5570165    2598724    5531951    2418024    5453236    2400873    5550103    2475733    5530452    2266220    5359220    2565630    5502873    2390343    5549495    2319779    5524671    2359819    5534997    2406782    5699657    2207303    5523592    2278744    5501897    2228518   Hyper-V stimer0 interrupts
ERR:          0
MIS:          0
PIN:          0          0          0          0          0          0          0          0          0          0          0          0          0          0          0          0          0          0          0          0          0          0          0          0          0          0          0          0          0          0          0          0   Posted-interrupt notification event
NPI:          0          0          0          0          0          0          0          0          0          0          0          0          0          0          0          0          0          0          0          0          0          0          0          0          0          0          0          0          0          0          0          0   Nested posted-interrupt event
PIW:          0          0          0          0          0          0          0          0          0          0          0          0          0          0          0          0          0          0          0          0          0          0          0          0          0          0          0          0          0          0          0          0   Posted-interrupt wakeup event
